0.0 0.0 0.0 0.0 0.0 0.0 0.0 0.0 0.0 0.0 0.0 0.0
0.999989989469 -0.00233295963172 -0.00381814902011 0.0116789620903 0.00232451280163 0.999994844688 -0.00221522850892 -0.0148734869867 0.00382329737505 0.00220633099703 0.999990257203 0.999821174625
0.99997327854 4.66467659629e-06 -0.00731041615811 -0.0111439168265 -3.25205918842e-05 0.999992740147 -0.00381032755901 -0.0250547065829 0.00731034531162 0.00381046348055 0.999966019032 1.85862602135
0.99994381104 0.000619115304698 -0.0105826017575 -0.0205085799749 -0.000667881633968 0.999989172754 -0.00460524794616 -0.0502958097513 0.0105796359976 0.00461205710742 0.999933397898 2.7186422627
0.999876397777 0.00210745747015 -0.0155803655664 -0.0430382917835 -0.00219016575739 0.999983591733 -0.0052933390594 -0.0590237329276 0.0155689544327 0.00532680837408 0.99986460722 3.57773292877
0.999824774458 0.000526442234439 -0.0187121147376 -0.0880114572233 -0.000613205128217 0.999989087517 -0.00463128783599 -0.0821007281265 0.0187094724365 0.00464195068079 0.999814186704 4.43668212991
0.999717280934 0.0024124071125 -0.0236545660322 -0.106612153061 -0.00253726339856 0.999983001198 -0.00524972477538 -0.104802949822 0.0236414994595 0.0053082584427 0.99970640785 5.29557886199
0.999592936255 0.00559198368649 -0.0279766243073 -0.143251252606 -0.00575427791923 0.999967061949 -0.00572392373389 -0.113197736691 0.0279436947237 0.00588257900356 0.99959218944 6.15529576388
0.99946157666 0.00627225904438 -0.0322058309533 -0.177093994637 -0.00637420368164 0.999974991277 -0.00306371472153 -0.148309967701 0.0321858091142 0.00326735167225 0.999476562059 7.01335695116
0.999313557927 0.00525112529702 -0.0366720414942 -0.218816904362 -0.00526866220902 0.999986047698 -0.00038158622515 -0.160272128848 0.0366695260777 0.000574536887458 0.999327281607 7.87256784179
0.99923960195 0.00563936009885 -0.038579988492 -0.278350747096 -0.00557232504626 0.999982772675 0.00184487060195 -0.166631552338 0.0385897277516 -0.00162848752978 0.999253812072 8.73108056914
0.999097645449 0.00792201600219 -0.0417269279963 -0.307239696111 -0.00785410861759 0.999967551925 0.0017911100737 -0.188830859327 0.0417397632405 -0.00146176603262 0.999127447028 9.58944154147
0.999008835973 0.00946698546214 -0.0434939287001 -0.344373466675 -0.00942578632834 0.999954912448 0.00115222497543 -0.191929277445 0.0435028757624 -0.000741118452979 0.999053026893 10.4490666343
0.999001993859 0.00661968482955 -0.0441723447283 -0.40177735142 -0.00659078693762 0.99997796067 0.000799813651896 -0.205874111874 0.0441766657138 -0.00050788492032 0.999023605457 11.3073932643
0.998808943128 0.00712263999677 -0.0482696916081 -0.4186586236 -0.00700549118651 0.99997209231 0.00259570691417 -0.228490107178 0.0482868327984 -0.00225446238047 0.998830966269 12.1665224207
0.99874847775 0.00538496468748 -0.0497240419449 -0.461727356904 -0.00527554333606 0.999983366113 0.00233155298433 -0.238790267033 0.0497357701713 -0.00206631365577 0.998760273296 13.0212470067
0.998614909482 0.0077517341576 -0.052040111245 -0.4973627301 -0.00775416670135 0.99996992396 0.000155159882636 -0.245539869661 0.0520397488427 0.000248582725597 0.998644983338 13.8841521692
0.998550917794 0.00707679535123 -0.05334776041 -0.55961002736 -0.0072445476903 0.999969401289 -0.00295178154683 -0.233144262644 0.0533252388834 0.00333398456718 0.998571631604 14.7525601854
0.998420541953 0.0127114184046 -0.0547251427505 -0.612135079505 -0.0130131479472 0.999902007645 -0.00516072556394 -0.247321300862 0.054654179963 0.00586472079346 0.998488119941 15.6324946506
0.998373145357 0.0132907553573 -0.0554474386376 -0.671656290399 -0.0136556562907 0.999887489728 -0.00620732932956 -0.240880635093 0.0553587001357 0.00695440207126 0.99844231211 16.5224053476
0.998300887363 0.0130257306576 -0.0567949701252 -0.719284794449 -0.0133296742566 0.999898774328 -0.00497603077759 -0.244388688604 0.0567244045795 0.005724634392 0.998373462431 17.4228610346
0.998207358234 0.010319140049 -0.0589540949968 -0.81144480519 -0.010538979737 0.999938617335 -0.00341927883196 -0.228504074209 0.0589151922202 0.0040344653025 0.998254838814 18.3241874828
0.998029455004 0.00959217015014 -0.0620096542241 -0.837482709306 -0.00980916466188 0.999946781895 -0.00319588281863 -0.243698914543 0.061975698736 0.00379784809664 0.998070432943 19.2367350729
0.997922066231 0.0090259803942 -0.0637971896512 -0.901674208318 -0.00930782939504 0.999948185138 -0.00412205661711 -0.250559750214 0.0637566784064 0.00470730461362 0.997954371323 20.1495552291
0.997924580676 0.00869632148343 -0.0638036462577 -0.975882509323 -0.00903291418902 0.999946757359 -0.00498887845324 -0.266043638742 0.0637568642922 0.00555485730008 0.997950001661 21.0649288908
0.99791713203 0.00811897713405 -0.0639959358891 -1.05003349725 -0.00827734523335 0.999963300247 -0.0022099129349 -0.294951963734 0.0639756450215 0.00273502643291 0.997947712295 21.9902087332
0.997858335766 0.00885586407147 -0.0648098404088 -1.10556473362 -0.00875380118905 0.999959957472 0.00185860624554 -0.315379312939 0.0648237048232 -0.00128729327698 0.997895901469 22.924484066
0.997925170827 0.0112233010654 -0.0633986667339 -1.17563884991 -0.0109276517143 0.999927749707 0.00500817274612 -0.314310351925 0.0634502943921 -0.00430498309398 0.997975714766 23.8591935699
0.998031476911 0.0102672701618 -0.061868847234 -1.25257608849 -0.00982205002163 0.999923665449 0.00749603953716 -0.313860997865 0.0619410883664 -0.00687360449794 0.998056138267 24.8000612589
0.99811710479 0.00750545061401 -0.0608762132309 -1.31074558593 -0.0069910084469 0.999938069914 0.00865922274465 -0.328931851597 0.0609374345304 -0.0082173322147 0.99810776198 25.7450335401
0.998225842376 0.00678521630724 -0.0591534314565 -1.38293471904 -0.00644769238588 0.999961837916 0.00589491086798 -0.332837504979 0.0591911722837 -0.00550304923732 0.998231496985 26.6917053302
0.998299797857 0.00823415550593 -0.0577036591732 -1.46135304102 -0.00818077671384 0.999965862647 0.00116122053386 -0.346747962183 0.0577112509935 -0.000687185472955 0.998333080332 27.6416769823
0.99835674849 0.0079666935598 -0.0567479914821 -1.49802678482 -0.00809152367247 0.999965322001 -0.00197028952499 -0.343354452209 0.0567303268825 0.00242622956019 0.998386590165 28.6010052604
0.998401051144 0.00600235143502 -0.0562077650537 -1.53930248982 -0.00607729376705 0.999980857396 -0.0011624719588 -0.356028989693 0.0561997115256 0.00150220432581 0.998418417201 29.5699132665
0.998358257438 0.00856134916516 -0.0566347340965 -1.5632764956 -0.00837517989787 0.999958718978 0.00352373395113 -0.390780400744 0.0566625640735 -0.0030436228006 0.998388747028 30.5460309738
0.99840911678 0.00629473439928 -0.056032239383 -1.63023534892 -0.00592528741377 0.999959615014 0.0067571672531 -0.401511575799 0.056072511095 -0.00641441026632 0.998406094152 31.5245136484
0.99835021022 -0.00153019129789 -0.0573978768544 -1.6679019371 0.00187276387612 0.999980752176 0.00591506834367 -0.413202392761 0.057387720884 -0.00601280239471 0.998333859838 32.5043384171
0.998207486212 -0.00611537067685 -0.0595350040927 -1.73680575911 0.00621312326472 0.999979636979 0.00145695809528 -0.391094060187 0.0595248819413 -0.0018242447968 0.998225155243 33.4822350494
0.998079556906 -0.00623186716828 -0.0616308519998 -1.79585445731 0.00608010800771 0.999978005647 -0.00264962418687 -0.387176491479 0.0616460085751 0.00226981349763 0.998095495217 34.4662879426
0.998085415824 -0.00457860821846 -0.0616809457305 -1.89990917173 0.00436435506083 0.999983967779 -0.00360785125582 -0.397172017993 0.0616964757854 0.00333174617324 0.99808939697 35.474234319
0.997898678001 -0.0015918536322 -0.0647741804009 -1.90209393076 0.00142616279276 0.999995592263 -0.0026041340728 -0.439918386566 0.0647780402937 0.00250628342256 0.997896549768 36.5338184835
0.997786371654 0.00195818862991 -0.0664719643122 -1.97454342896 -0.00197822298511 0.999998015567 -0.000235575866952 -0.436487792857 0.0664713711011 0.000366550757203 0.997788265347 37.575931304
0.997712661567 0.00112245185178 -0.067588349956 -2.03465812789 -0.00107104415263 0.999999108961 0.000796831694909 -0.453000092068 0.0675891841373 -0.000722618964142 0.997712974763 38.6206141763
0.997658283504 0.00218583831618 -0.0683605987915 -2.10920285217 -0.00193735128529 0.999991274482 0.00370103086059 -0.461578014149 0.068368092165 -0.00355992560163 0.997653813155 39.6529533663
0.997618662757 0.00144066923562 -0.0689559873488 -2.1561763436 -0.00099409252232 0.99997831473 0.00651013434519 -0.464351029763 0.0689638709699 -0.00642608288842 0.997598461286 40.6897637262
0.997586761414 0.00681279986265 -0.0690958697036 -2.25006441507 -0.00615783809736 0.999934113536 0.00968760114571 -0.481024850963 0.0691573169088 -0.00923874147399 0.997562986069 41.7110992444
0.997551889406 0.00707157596143 -0.0695716950714 -2.32018639158 -0.00646038138255 0.999938574117 0.00900619035563 -0.478752248014 0.0696311095278 -0.00853468252202 0.997536298979 42.733556591
0.997543407227 0.00431421136454 -0.0699180826201 -2.3879108097 -0.00382444395679 0.999967216288 0.0071372248003 -0.45548965541 0.0699465819422 -0.0068522937569 0.997527203511 43.7435408405
0.997596629147 0.00677136796274 -0.0689573352843 -2.49176951417 -0.00643842672837 0.999966524893 0.00504933213838 -0.462686056289 0.0689892178159 -0.00459321997009 0.99760683145 44.7460636291
0.997562270657 0.00553412222766 -0.069562128007 -2.60050969082 -0.00518637303965 0.999973140781 0.00517873058044 -0.476917591608 0.0695889193506 -0.00480533109167 0.997564178936 45.7437099894
0.997350707127 0.0074102935943 -0.0723647327295 -2.60318491066 -0.00693615283533 0.999952815619 0.00680119984637 -0.520112314937 0.072411717132 -0.00628124862999 0.99735504668 46.744470803
0.997232143006 0.00706967690867 -0.0740140028934 -2.69201873835 -0.00654875831571 0.99995206796 0.0072784302208 -0.507675071631 0.0740619114014 -0.00677358474988 0.997230641241 47.7380580228
0.997182592728 0.00963358522811 -0.0743913354847 -2.76700189812 -0.00937535432506 0.999948755058 0.00381968437763 -0.518465250391 0.07442432056 -0.00311147764221 0.997221810439 48.7241889021
0.997120316386 0.0113490112449 -0.0749818284241 -2.84194122657 -0.0113877380804 0.999935153652 -8.89508131321e-05 -0.539880132049 0.0749759566226 0.000942568085813 0.997184896343 49.7016272417
0.997089964317 0.0122511616093 -0.0752430202526 -2.92609191826 -0.0123506166565 0.999923361315 -0.000856600714992 -0.56648321956 0.0752267593726 0.00178340567556 0.997164858054 50.6821503747
0.997116945577 0.0102282437316 -0.0751876311158 -3.0106849685 -0.0100959199866 0.99994674542 0.00213979518438 -0.566273014834 0.0752055133768 -0.00137453773069 0.997167108064 51.6620702848
0.997119110809 0.00795852224394 -0.0754330218352 -3.07205182426 -0.00757361087156 0.999956807345 0.00538738004219 -0.583324979803 0.0754726392666 -0.00480055924301 0.997136317337 52.639142501
0.997092706874 0.0055922286484 -0.0759925053975 -3.14125927708 -0.00517431877284 0.999970395493 0.00569513505991 -0.588142255749 0.0760221041743 -0.00528536818563 0.99709212441 53.6092627125
0.997075367311 0.00401542015997 -0.0763189904494 -3.17532400105 -0.00369492395011 0.999983755105 0.00434016845869 -0.619209059055 0.0763351782554 -0.00404548219448 0.997074006599 54.5735886671
0.997175085115 0.00149242398888 -0.0750974187065 -3.2545509583 -0.00119862826852 0.999991452236 0.00395711319285 -0.643521112664 0.0751026824822 -0.00385592079593 0.99716835036 55.5358765925
0.997136981748 -0.000100915607384 -0.0756163305602 -3.3387951912 0.000453068179277 0.999989132705 0.00463995705032 -0.644204854808 0.0756150405712 -0.0046609321218 0.997126191287 56.4931861514
0.997103964827 -0.00300591013395 -0.0759911036282 -3.43053460717 0.00366426879307 0.999956941985 0.00852568531572 -0.6580198562 0.0759622041582 -0.00877944646075 0.997072045972 57.4530476438
0.997047813252 -0.00320504641676 -0.0767162679404 -3.49439066039 0.00425821366771 0.999898877372 0.0135684430389 -0.67791046337 0.0766650227001 -0.0138550607218 0.996960636929 58.4147580201
0.996970502765 -0.00233134355826 -0.0777456201629 -3.56638431656 0.00358988836933 0.999864711377 0.0160521538811 -0.687160612598 0.0776976789794 -0.0162826220228 0.996843993261 59.3663314264
0.996873259897 -0.00148321545566 -0.0790031883794 -3.65707020708 0.00245639814621 0.999922285131 0.0122225122765 -0.685931366851 0.0789789200379 -0.0123783589426 0.99679943139 60.3055982126
0.996761770935 -0.000125277166519 -0.0804111702936 -3.74182959451 0.000501562113845 0.999989019481 0.00465932964967 -0.683803176498 0.0804097036296 -0.00468457286952 0.996750888808 61.229045465
0.996692641983 0.00180953208083 -0.0812434798088 -3.82505264417 -0.0018161861478 0.999998350701 -8.00400990667e-06 -0.688605000263 0.0812433313305 0.000155530820408 0.996694284585 62.1428076856
0.996606146223 0.00750217612577 -0.0819750368372 -3.91139004476 -0.00743358517532 0.999971718538 0.00114189981094 -0.701501016276 0.0819812851968 -0.000528655951375 0.996633728809 63.0524412536
0.996530204389 0.0106556092702 -0.0825470152839 -4.00258993663 -0.0103656611975 0.999938511681 0.00394029513737 -0.720233232052 0.0825839258521 -0.00307096872531 0.996579381857 63.949234586
0.996426340296 0.0124313184564 -0.083546458251 -4.08454009821 -0.0120098906004 0.999912504301 0.00554493201595 -0.724915932452 0.0836080791109 -0.00452173249219 0.996488456051 64.8313849154
0.996330318614 0.0133683405074 -0.0845410177539 -4.16733784527 -0.0129699565859 0.999902052488 0.00525981524589 -0.722471174209 0.0846030521727 -0.00414402006979 0.996406117334 65.6992410394
0.996191211289 0.0143347159756 -0.0860092231566 -4.27153042569 -0.0138588564596 0.999885187921 0.00612724024374 -0.730912094647 0.0860871805075 -0.00491191340234 0.996275499277 66.5509347873
0.996090663163 0.0152565713808 -0.0870093546066 -4.36323898493 -0.0147260296749 0.999868875404 0.00673617459905 -0.73420873637 0.0871007164687 -0.00542853828562 0.9961847199 67.3920989026
0.99608734981 0.0155673745897 -0.0869922318227 -4.47577813157 -0.0150703639444 0.999866162837 0.00636714569581 -0.719601067176 0.0870797087713 -0.00503122868809 0.996188642305 68.2160956902
0.995944353684 0.015415513909 -0.0886408838858 -4.53878230428 -0.014812646808 0.999862494407 0.00745505018827 -0.72890344905 0.0887436186984 -0.00611180903569 0.996035750328 69.0332289582
0.995784498395 0.0180810516133 -0.0899239029856 -4.62009679842 -0.0172267588215 0.999798890413 0.0102673028827 -0.732807106584 0.09009146206 -0.00867492366187 0.995895714502 69.8366713257
0.995677204149 0.0191793668627 -0.0908793542267 -4.70068084276 -0.0180039465326 0.999743555643 0.0137361151572 -0.719742889842 0.091119498721 -0.0120405497011 0.995767172644 70.6295090393
0.995476831693 0.0220837268531 -0.0924023082548 -4.78114795829 -0.0206968981291 0.999658716635 0.0159401588212 -0.72968686265 0.0927227909975 -0.0139556176392 0.995594156655 71.4046899427
0.995301792732 0.0253130319797 -0.0934536879775 -4.86956891023 -0.0243118405008 0.999634349844 0.0118364278021 -0.732422628026 0.0937191324974 -0.00950878665467 0.995553266872 72.1561402235
0.995146150327 0.0248489606376 -0.0952190560952 -4.93423840726 -0.0245437097929 0.999689181072 0.00437579211845 -0.7283798482 0.0952981940964 -0.00201752380175 0.995446725747 72.8872708941
0.994860836484 0.0249481622432 -0.0981300424502 -4.98303728948 -0.0254066306383 0.999671332102 -0.00342503903546 -0.700629412363 0.0980123418259 0.00590059094287 0.995167706407 73.6010639598
0.993675402501 0.0279848591048 -0.108747607445 -4.82375566615 -0.0282212014471 0.999601501163 -0.000634556820846 -0.810663415773 0.108686513667 0.00369953164096 0.994069190355 74.2719846911
0.993533941184 0.0306439028431 -0.109321813623 -4.91578831567 -0.0304826890982 0.999530343941 0.00314598248405 -0.822441649267 0.109366875153 0.000206782480069 0.994001430512 74.9456377526
0.993334043635 0.0309954640311 -0.111025938252 -4.98967687331 -0.0305358384859 0.999516622064 0.00583821761729 -0.844725851398 0.111153229028 -0.00240903019519 0.993800360359 75.6009474826
0.993208182097 0.0294893942146 -0.112551688771 -5.05960043402 -0.0293863636197 0.999564811647 0.00257467469078 -0.869064553021 0.112578633184 0.000750296883111 0.993642535525 76.2305317814
0.993429386555 0.0218439259173 -0.11234276492 -5.12172993764 -0.0223542540572 0.999744716126 -0.00328479880242 -0.882611494175 0.112242332722 0.00577455436775 0.993664084722 76.8414384541
0.993556870988 0.0184046996738 -0.111830278289 -5.15975923991 -0.0194572679053 0.999776004293 -0.00832802289389 -0.900340990546 0.111651954026 0.0104502760526 0.993692423687 77.4367206925
0.994001697791 0.02124425518 -0.10728143554 -5.26404571868 -0.0222875852514 0.999715164397 -0.00853543313577 -0.904952763097 0.107069549048 0.0108752791688 0.994192053866 78.0117370509
0.99449613447 0.026273816564 -0.101425465676 -5.36624508081 -0.0268866796884 0.999627532781 -0.00467997447171 -0.92319246124 0.101264727224 0.00738121052941 0.994832132951 78.5748421221
0.995068720529 0.0253312539718 -0.0958987434638 -5.45665645833 -0.0255951494554 0.9996712311 -0.00152250980308 -0.941540899135 0.0958286478568 0.00396954455328 0.995389930111 79.1241708437
0.995630529373 0.0208803036987 -0.0910157233575 -5.50317557262 -0.0209727510321 0.999780045907 -5.93328469157e-05 -0.907666947661 0.0909944651888 0.00196792369976 0.995849453774 79.6651987967
0.996444563478 0.0161789946156 -0.0826829610524 -5.53669930199 -0.0159974140082 0.999867948087 0.00285816965449 -0.919550095705 0.0827182849207 -0.00152529405434 0.996571803142 80.1959883254
0.997308500833 0.0199881168034 -0.0705423940104 -5.61416201389 -0.0198427985686 0.999799302086 0.00276023432453 -0.926556184445 0.0705834081851 -0.00135304664125 0.997504963273 80.702696123
0.998148045448 0.0245240099472 -0.0556691324135 -5.63911225628 -0.0244117066044 0.999698353079 0.00269655939136 -0.937111562402 0.0557184704404 -0.00133258695852 0.998445630099 81.2039880827
0.9988468525 0.0296423344074 -0.0377663509167 -5.64834351287 -0.0295712465502 0.999559697835 0.00243963951833 -0.922406062492 0.0378220389211 -0.00132002817986 0.999283618848 81.6917760258
0.999482171048 0.0279060404257 -0.0160200706994 -5.63292989593 -0.0278577739443 0.999606684196 0.00322821025518 -0.927457659603 0.0161038563183 -0.00278025508633 0.99986645908 82.1661351882
0.999670300911 0.0236309133408 0.0100433764538 -5.60697423137 -0.0236801187181 0.999708020501 0.00480892121026 -0.942892600667 -0.00992680479342 -0.00504516406008 0.999938000511 82.6254224536
0.998936403459 0.0227515796848 0.0401052049876 -5.57748170997 -0.0230024020544 0.999718563442 0.00580374095328 -0.936483464838 -0.039961873642 -0.00672008416408 0.999178607219 83.0794517183
0.997107519781 0.0217787978068 0.0728167423159 -5.51886485124 -0.0223872776206 0.999720860754 0.00755052143105 -0.94033509337 -0.0726319750257 -0.00915885032282 0.997316755933 83.5257774124
0.993716827827 0.0214907860738 0.109840849444 -5.45211361205 -0.0225717248641 0.999708176748 0.00860689144904 -0.948338513903 -0.109623826467 -0.0110321103007 0.993911922261 83.9583058975
0.988165268923 0.0209717227476 0.15195258517 -5.3840581172 -0.0226179761793 0.999702641905 0.00911344730353 -0.954796400206 -0.151716276149 -0.0124424520573 0.988345767906 84.3916537527
0.980466043271 0.0201261013721 0.195656019678 -5.25880889321 -0.0225935490188 0.999690770381 0.0103872593736 -0.97193837771 -0.195386462007 -0.0146049189699 0.980617574188 84.804612607
0.969329926753 0.0216132829456 0.244810863936 -5.13518778439 -0.0244573213902 0.999664030021 0.00858291983708 -0.977870015382 -0.244543109761 -0.0143070990361 0.969532864005 85.198788143
0.955051102924 0.0205235103182 0.29572990435 -4.96076853909 -0.0235740871127 0.999699283226 0.00675318699153 -0.977562827757 -0.295502374304 -0.0134212012115 0.955247726058 85.5771642967
0.935702823874 0.0191083032063 0.352271341642 -4.78964197757 -0.0227614213923 0.999721508418 0.0062308348933 -1.00017958331 -0.352054176357 -0.0138484062563 0.935877170655 85.9346160513
0.91259362278 0.0192428970861 0.408414728644 -4.58009031192 -0.0232323056257 0.999718525876 0.00480926154282 -0.997783953118 -0.408207226341 -0.0138773172122 0.912783808155 86.2790985408
0.884490040828 0.0176028062867 0.466226885632 -4.35967019126 -0.0218747311827 0.999753677141 0.00375248965187 -0.995921057821 -0.466045988944 -0.0135176275187 0.884657227368 86.6091167429
0.852504865625 0.0143539038681 0.522522171328 -4.11476887859 -0.0189251546506 0.999815083308 0.00341140898599 -0.995064094826 -0.52237658122 -0.01279705566 0.852618873096 86.8978246905
0.816188666738 0.0133419272261 0.577631416447 -3.86115171565 -0.01874158991 0.999818619798 0.00338826102742 -1.00589578531 -0.577481439612 -0.0135911913767 0.816290675201 87.1903175221
0.776631951561 0.0124432543763 0.629831705485 -3.59986488819 -0.019328784891 0.999804851532 0.00408128999303 -1.00160279463 -0.629658010263 -0.015343541765 0.776720906013 87.4572817296
0.734455444751 0.0132292859209 0.678527954966 -3.30934900114 -0.0220855879779 0.999746340002 0.00441389354515 -0.999634665839 -0.678297446906 -0.0182274969917 0.734561319342 87.7147181634
0.69283645438 0.00868976880093 0.721042395009 -2.98946502489 -0.018813231909 0.999804843915 0.00602796726196 -0.985709815449 -0.720849297556 -0.0177415332584 0.692864725766 87.9258759132
0.648008845802 0.0034196578781 0.761625132005 -2.66945855755 -0.0147964613021 0.999857718277 0.00809987253286 -0.981558631853 -0.761489067876 -0.0165181458436 0.647967244822 88.1233156366
0.601763103146 -0.0027920295723 0.798669751689 -2.33972354662 -0.0109499157395 0.99987106078 0.0117456869062 -0.985626569613 -0.798599566139 -0.015813487486 0.601654939792 88.3128326719
0.554074629267 5.80979847676e-05 0.83246699744 -2.02494590269 -0.0131308523024 0.999876199366 0.00866987081938 -0.998765522919 -0.832363433796 -0.01573475665 0.554006797352 88.5087424824
0.507578631314 0.00339794084072 0.861598738991 -1.68169922476 -0.0146507618158 0.99988168355 0.00468765173275 -1.00210704747 -0.861480869324 -0.0150024297564 0.507568358834 88.6723825739
0.463547826442 0.00234245848955 0.886068804038 -1.3277266622 -0.0121781582375 0.999918895524 0.00372757765573 -0.994998093157 -0.885988208196 -0.0125185966251 0.463538757469 88.8135112406
0.420243418695 -0.00437615337828 0.907400858675 -0.975798320845 -0.0104517804703 0.999898690489 0.00966276580497 -1.00878026856 -0.907351216084 -0.0135446683094 0.420155105446 88.9465266396
0.382162888069 -0.0194436363871 0.923890400419 -0.597141704272 -0.00661912495029 0.999695375482 0.0237769515477 -1.0103908184 -0.924071271151 -0.0152020144737 0.381917772025 89.0330291912
0.346825527011 -0.0244645909535 0.937610546871 -0.227973820712 -0.00540259090915 0.999591072038 0.0280802548834 -0.985733677915 -0.93791410365 -0.0148044754154 0.346551528178 89.1416338872
0.314590180273 -0.022568041486 0.948959273088 0.144375393157 -0.00359651628855 0.999681816283 0.0249666029746 -0.984880102107 -0.94922077703 -0.0112671956134 0.314408916471 89.242210058
0.28402781106 -0.01349403722 0.958721082226 0.517385943909 -0.00117888788486 0.999895290767 0.0144228195995 -0.970678297595 -0.958815317341 -0.00522670654896 0.283982162769 89.3502007855
0.255170993418 -0.00868629652468 0.966856924457 0.897245783394 0.000349160381745 0.999960408426 0.0088915503438 -0.977689297331 -0.966895879712 -0.00193127760143 0.255163923708 89.4532826817
0.229650571418 -0.00941981895875 0.973227559237 1.29423921056 0.00243797881251 0.999955592716 0.00910323319423 -0.982692484833 -0.973270091653 0.000282145464365 0.229663338579 89.5289766155
0.205850217112 -0.0153005905287 0.978463887961 1.70050018734 0.00629966937627 0.9998777599 0.0143101161386 -0.987718335601 -0.978563233665 0.00321825847674 0.205921442622 89.5933312623
0.185544850661 -0.0224576363964 0.982379134021 2.11912816504 0.0152269926144 0.999684473766 0.0199772772779 -0.966298951119 -0.982517810062 0.0112519988892 0.185828268657 89.6581432279
0.166036205375 -0.0246900917283 0.985810518241 2.5447441169 0.0227260692602 0.999516805095 0.0212057093244 -0.942797065067 -0.98585775053 0.0188826826064 0.166517086261 89.7114113362
0.148497256601 -0.0209390996668 0.988691113992 2.98960562101 0.0224544315247 0.999589442146 0.0177973496737 -0.934264379944 -0.988657859569 0.0195576393169 0.148906465465 89.7811838423
0.133232620618 -0.0185404955628 0.990911357704 3.45490072468 0.0174181055477 0.999714385871 0.0163632601048 -0.929540432477 -0.990931722372 0.0150796785913 0.133517507808 89.8349491842
0.118867532524 -0.0181402350294 0.992744398919 3.92863067555 0.0140088177856 0.999764215703 0.0165911429579 -0.926771841245 -0.992811292611 0.011935027167 0.119093628673 89.8757986245
0.105549633224 -0.0220127138434 0.994170365358 4.41328440504 0.0123289198309 0.999707087268 0.0208263631612 -0.920933823366 -0.994337604972 0.0100588317397 0.105790109376 89.9312537793
0.0934568868368 -0.0231643379743 0.995353818373 4.90961612008 0.0118713819659 0.999684163507 0.022150474558 -0.920875836853 -0.995552550392 0.00974611097499 0.0937023624455 89.9748255309
0.0840694089848 -0.026045755065 0.996119447213 5.42389765466 0.0141554626577 0.99958868044 0.0249417884837 -0.900405172775 -0.996359351514 0.0120036902207 0.0844035193057 89.9956877445
0.0763356915603 -0.028231014919 0.996682432869 5.9534462569 0.0147751642759 0.999521361924 0.0271798009116 -0.894629600704 -0.996972696073 0.0126513577775 0.0767162722749 90.0291875944
0.0709294190821 -0.0297516908868 0.997037539112 6.49878571225 0.0152451035261 0.999470666514 0.0287397563878 -0.88319297606 -0.997364830103 0.013161446278 0.0713454413731 90.0589710839
0.0654225031811 -0.0311305820991 0.997371938113 7.06169075398 0.0162653436313 0.999413717683 0.0301273879338 -0.876593895698 -0.997725079706 0.0142515881686 0.0658904967396 90.0961045659
0.059545914265 -0.0323849127242 0.997700106005 7.64384458003 0.016941937855 0.999362431257 0.0314277223671 -0.860733291577 -0.998081787649 0.0150315807322 0.0600566128301 90.1431625639
0.0561057574377 -0.0344837706979 0.997829150477 8.24679774556 0.0171792872967 0.999288769097 0.0335682594886 -0.848150628361 -0.998277023712 0.0152586210246 0.0566582598931 90.1610591678
0.0535730562714 -0.03686582095 0.997883178978 8.86594989326 0.0171159093305 0.999205359336 0.0359957709004 -0.828815351161 -0.998417234071 0.0151512745538 0.0541614769911 90.1723976569
0.050431307214 -0.0375585475154 0.998021061281 9.50457531797 0.0166288297975 0.999185683482 0.0367620992873 -0.811410045387 -0.998589087299 0.0147419616394 0.0510147948616 90.2081824694
0.0475319726792 -0.0395550243344 0.998086224543 10.1587365511 0.0161556999707 0.999115359741 0.0388264251373 -0.79198797004 -0.998739057478 0.0142792850098 0.0481289630881 90.2359030257
0.0470648739449 -0.0446895356126 0.997891648952 10.8323546298 0.0159465887483 0.998905009951 0.0439828080259 -0.775575529878 -0.998764538792 0.0138429224257 0.047725984022 90.2524528126
0.0477317247817 -0.0488926997084 0.997662862075 11.5174725622 0.0150263196942 0.998723427943 0.0482257627571 -0.765932840757 -0.99874716128 0.0126893022773 0.0484054691322 90.2940552381
0.049900557214 -0.0508910527811 0.997456783593 12.2228021009 0.0148130149711 0.99862883577 0.0502097894491 -0.745499274982 -0.998644335576 0.0122698457973 0.0505859852817 90.3462009408
0.0537842120677 -0.0534603401302 0.997120479463 12.9444964875 0.015019489693 0.998496169095 0.0527239531055 -0.709769705963 -0.998439619337 0.0121405244891 0.054506276735 90.3820864
0.0577538363365 -0.0531261731778 0.996916297445 13.6818120696 0.0145587488399 0.998521709222 0.0523683019145 -0.67756657072 -0.998224692752 0.0114893836509 0.058441909985 90.4264642342
0.0623592546496 -0.0556266717378 0.996502381709 14.4391641133 0.0127455054997 0.998408555769 0.0549354881371 -0.636738727158 -0.997972382107 0.00927519049244 0.0629690034241 90.4653374469
0.0651530947896 -0.055474781575 0.996332084623 15.2042321442 0.010360850363 0.998437305786 0.054914471624 -0.6203134151 -0.997821490558 0.0067449998656 0.0656260463362 90.5677304465
0.0693626659431 -0.0528330438905 0.996191492659 15.9893616966 0.00737750699908 0.998596461968 0.0524469115984 -0.592138486374 -0.997564229994 0.00371155210057 0.0696550889545 90.6309277935
0.0714202416619 -0.0517051052456 0.996105281169 16.7760972841 0.00620929056189 0.998659230496 0.0513924708086 -0.555298807291 -0.997426986697 0.00251464443625 0.0716455356019 90.7431813468
0.0745967761087 -0.0487894394516 0.99601953374 17.571547985 0.00739385381039 0.998802023847 0.0483719762286 -0.506342072459 -0.997186367697 0.0037560293441 0.0748681529327 90.8457953083
